import numpy as np

# 定义两个 4x4 的矩阵
matrix1 = np.array([[0.006091423082354497, -0.009726337955812736, 0.9999341442889131, 0.19743186129156784],
                    [0.9999490891159122, 0.008103500266932573, -0.006012691550476401, 0.06177976532431602],
                    [-0.008044485135116242, 0.9999198626056955, 0.009775204627922307, 0.0698444089196037],
                    [0.0, 0.0, 0.0, 1.0]])

matrix2 = np.array([[0.007299940128200927, 0.001220086395471387, 0.9999726107565708, 0.19708009786959],
                    [0.9999634055745572, -0.004469782927239596, -0.00729441925837071, -0.038248967089621375],
                    [0.0044607606815668666, 0.9999892661572779, -0.0012526708948656373, 0.07019285220907301],
                    [0.0, 0.0, 0.0, 1.0]])
matrix3 = np.array([[0.999920142683453, 0.012460011338277538, -0.002111012400358006, 0.1001012417224863],
                    [-0.012438382688246312, 0.9998729708405026, 0.009966384434168253, -0.0008929481945607464],
                    [0.002234925503278468, -0.009939330965356373, 0.9999481060574881, -0.0006096486728997249],
                    [0.0, 0.0, 0.0, 1.0]])                    
                                      

# 通过 numpy 的 dot 函数进行矩阵相乘
# result = np.dot(np.linalg.inv(matrix2), matrix1) # T_cn_cnm1 = T1_inv * T0 
result = np.dot(matrix1, np.linalg.inv(matrix3)) # T1 = T0 * T_cn_cnm1

print("Result of matrix multiplication:")
# 打印第二个结果
print("Result of second matrix multiplication:")
for row in result:
    print("- [" + ", ".join(f"{x:.12f}" for x in row) + "]")
